# 	 Nodes:
1 	 2
1 	 10
1 	 12
1 	 16
1 	 21
1 	 24
1 	 26
1 	 31
1 	 37
2 	 12
2 	 21
2 	 24
2 	 25
2 	 26
2 	 31
2 	 37
2 	 85
3 	 34
3 	 41
3 	 46
3 	 56
3 	 57
3 	 58
3 	 59
3 	 64
3 	 68
4 	 6
4 	 9
4 	 13
4 	 17
4 	 28
4 	 29
4 	 36
4 	 38
4 	 49
5 	 6
5 	 13
5 	 14
5 	 17
5 	 20
5 	 28
5 	 29
5 	 36
5 	 38
6 	 14
6 	 17
6 	 28
6 	 29
6 	 36
6 	 38
6 	 75
7 	 49
7 	 55
7 	 60
7 	 71
7 	 73
7 	 89
7 	 90
7 	 96
7 	 99
8 	 60
8 	 67
8 	 75
8 	 83
8 	 87
8 	 90
8 	 91
8 	 93
8 	 99
9 	 13
9 	 14
9 	 17
9 	 20
9 	 29
9 	 36
9 	 38
9 	 39
10 	 12
10 	 16
10 	 19
10 	 21
10 	 24
10 	 25
10 	 26
10 	 31
10 	 37
11 	 46
11 	 48
11 	 56
11 	 57
11 	 58
11 	 59
11 	 65
11 	 66
11 	 68
11 	 93
12 	 16
12 	 19
12 	 24
12 	 25
12 	 26
12 	 31
12 	 37
13 	 14
13 	 20
13 	 28
13 	 29
13 	 36
13 	 38
13 	 66
14 	 20
14 	 28
14 	 29
14 	 36
14 	 38
14 	 91
15 	 76
15 	 79
15 	 83
15 	 85
15 	 86
15 	 94
15 	 95
15 	 97
15 	 98
15 	 100
16 	 19
16 	 21
16 	 24
16 	 25
16 	 26
16 	 31
16 	 37
17 	 20
17 	 28
17 	 29
17 	 36
17 	 38
17 	 54
18 	 35
18 	 45
18 	 71
18 	 75
18 	 87
18 	 89
18 	 90
18 	 91
18 	 93
18 	 96
19 	 21
19 	 24
19 	 25
19 	 26
19 	 31
19 	 37
19 	 68
20 	 28
20 	 29
20 	 36
20 	 38
20 	 89
21 	 25
21 	 26
21 	 31
21 	 37
21 	 94
22 	 61
22 	 69
22 	 72
22 	 82
22 	 84
22 	 85
22 	 86
22 	 97
22 	 98
22 	 100
23 	 54
23 	 69
23 	 81
23 	 84
23 	 86
23 	 92
23 	 95
23 	 97
23 	 98
23 	 100
24 	 25
24 	 26
24 	 31
24 	 37
25 	 26
25 	 31
25 	 37
25 	 63
26 	 31
26 	 37
27 	 34
27 	 46
27 	 48
27 	 51
27 	 53
27 	 57
27 	 58
27 	 64
27 	 65
27 	 66
27 	 68
28 	 29
28 	 36
28 	 38
28 	 95
29 	 36
29 	 38
30 	 54
30 	 63
30 	 74
30 	 76
30 	 81
30 	 88
30 	 92
30 	 94
30 	 95
30 	 97
30 	 98
30 	 100
31 	 37
31 	 60
32 	 39
32 	 45
32 	 60
32 	 61
32 	 71
32 	 77
32 	 87
32 	 88
32 	 89
32 	 93
32 	 96
32 	 99
33 	 54
33 	 62
33 	 79
33 	 81
33 	 82
33 	 85
33 	 92
33 	 94
33 	 95
33 	 97
33 	 98
33 	 100
34 	 48
34 	 51
34 	 56
34 	 57
34 	 58
34 	 59
34 	 64
34 	 65
34 	 66
34 	 68
35 	 75
35 	 77
35 	 83
35 	 87
35 	 88
35 	 89
35 	 91
35 	 93
35 	 96
35 	 97
35 	 99
36 	 38
36 	 98
37 	 42
38 	 86
39 	 60
39 	 67
39 	 73
39 	 75
39 	 77
39 	 87
39 	 88
39 	 89
39 	 90
39 	 96
39 	 99
40 	 43
40 	 72
40 	 76
40 	 80
40 	 82
40 	 84
40 	 86
40 	 92
40 	 94
40 	 95
40 	 97
40 	 98
40 	 100
41 	 44
41 	 46
41 	 48
41 	 51
41 	 56
41 	 57
41 	 58
41 	 64
41 	 65
41 	 66
41 	 68
41 	 95
42 	 49
42 	 52
42 	 67
42 	 73
42 	 78
42 	 83
42 	 88
42 	 89
42 	 91
42 	 93
42 	 96
42 	 99
43 	 62
43 	 76
43 	 79
43 	 80
43 	 81
43 	 84
43 	 86
43 	 92
43 	 95
43 	 97
43 	 98
43 	 100
44 	 46
44 	 48
44 	 51
44 	 56
44 	 57
44 	 58
44 	 59
44 	 64
44 	 65
44 	 66
44 	 68
44 	 96
45 	 50
45 	 52
45 	 55
45 	 77
45 	 78
45 	 87
45 	 88
45 	 91
45 	 93
45 	 96
45 	 99
45 	 100
46 	 51
46 	 56
46 	 58
46 	 59
46 	 64
46 	 65
46 	 66
46 	 68
46 	 92
47 	 57
47 	 62
47 	 70
47 	 76
47 	 79
47 	 80
47 	 81
47 	 82
47 	 85
47 	 92
47 	 94
47 	 97
47 	 98
47 	 100
48 	 51
48 	 56
48 	 57
48 	 58
48 	 59
48 	 64
48 	 65
48 	 66
48 	 68
49 	 50
49 	 52
49 	 73
49 	 78
49 	 83
49 	 88
49 	 89
49 	 90
49 	 91
49 	 96
49 	 99
50 	 53
50 	 75
50 	 78
50 	 87
50 	 88
50 	 89
50 	 90
50 	 91
50 	 93
50 	 94
50 	 96
50 	 99
51 	 56
51 	 58
51 	 59
51 	 64
51 	 65
51 	 66
51 	 68
51 	 87
52 	 53
52 	 75
52 	 77
52 	 80
52 	 83
52 	 87
52 	 88
52 	 91
52 	 93
52 	 96
52 	 99
53 	 55
53 	 67
53 	 73
53 	 77
53 	 78
53 	 87
53 	 89
53 	 90
53 	 91
53 	 93
53 	 96
53 	 99
54 	 72
54 	 74
54 	 79
54 	 80
54 	 81
54 	 82
54 	 84
54 	 86
54 	 92
54 	 94
54 	 100
55 	 71
55 	 77
55 	 78
55 	 83
55 	 88
55 	 89
55 	 90
55 	 91
55 	 93
55 	 96
55 	 99
55 	 100
56 	 57
56 	 58
56 	 59
56 	 64
56 	 65
56 	 66
56 	 68
57 	 58
57 	 59
57 	 64
57 	 65
57 	 66
57 	 68
58 	 59
58 	 64
58 	 65
58 	 66
59 	 64
59 	 65
59 	 66
59 	 68
59 	 82
60 	 67
60 	 77
60 	 78
60 	 83
60 	 87
60 	 88
60 	 90
60 	 91
60 	 93
60 	 96
60 	 99
61 	 62
61 	 63
61 	 70
61 	 74
61 	 76
61 	 79
61 	 81
61 	 84
61 	 85
61 	 86
61 	 94
61 	 97
61 	 98
61 	 100
62 	 69
62 	 72
62 	 74
62 	 76
62 	 80
62 	 84
62 	 86
62 	 92
62 	 95
62 	 97
62 	 98
62 	 100
63 	 69
63 	 74
63 	 79
63 	 81
63 	 82
63 	 85
63 	 86
63 	 92
63 	 94
63 	 95
63 	 97
63 	 98
63 	 100
64 	 65
64 	 66
64 	 68
64 	 87
65 	 66
65 	 68
65 	 99
66 	 68
67 	 71
67 	 73
67 	 78
67 	 83
67 	 87
67 	 88
67 	 89
67 	 90
67 	 91
67 	 96
67 	 99
69 	 70
69 	 71
69 	 72
69 	 76
69 	 79
69 	 81
69 	 84
69 	 92
69 	 94
69 	 95
69 	 98
69 	 100
70 	 72
70 	 74
70 	 80
70 	 81
70 	 82
70 	 84
70 	 85
70 	 86
70 	 90
70 	 92
70 	 94
70 	 95
70 	 97
70 	 100
71 	 73
71 	 78
71 	 83
71 	 87
71 	 88
71 	 89
71 	 90
71 	 91
71 	 93
71 	 96
71 	 99
72 	 74
72 	 80
72 	 82
72 	 84
72 	 85
72 	 86
72 	 92
72 	 94
72 	 97
72 	 98
72 	 100
73 	 75
73 	 78
73 	 83
73 	 87
73 	 88
73 	 89
73 	 90
73 	 93
73 	 96
73 	 99
74 	 78
74 	 79
74 	 82
74 	 85
74 	 86
74 	 92
74 	 95
74 	 97
74 	 98
74 	 100
75 	 77
75 	 78
75 	 83
75 	 88
75 	 89
75 	 90
75 	 91
75 	 93
75 	 96
75 	 99
76 	 80
76 	 81
76 	 82
76 	 85
76 	 86
76 	 94
76 	 95
76 	 97
76 	 98
76 	 100
77 	 78
77 	 83
77 	 87
77 	 88
77 	 89
77 	 90
77 	 91
77 	 93
77 	 98
77 	 99
78 	 83
78 	 87
78 	 90
78 	 91
78 	 96
78 	 99
79 	 80
79 	 82
79 	 84
79 	 85
79 	 92
79 	 94
79 	 95
79 	 96
79 	 97
79 	 98
79 	 100
80 	 81
80 	 84
80 	 85
80 	 86
80 	 92
80 	 94
80 	 95
80 	 97
80 	 98
80 	 100
81 	 82
81 	 85
81 	 92
81 	 94
81 	 95
81 	 97
81 	 98
81 	 99
81 	 100
82 	 84
82 	 85
82 	 92
82 	 94
82 	 95
82 	 97
82 	 98
82 	 100
83 	 87
83 	 88
83 	 89
83 	 90
83 	 91
83 	 93
83 	 96
83 	 99
84 	 85
84 	 86
84 	 92
84 	 93
84 	 94
84 	 95
84 	 97
84 	 98
84 	 100
85 	 86
85 	 92
85 	 94
85 	 95
85 	 97
85 	 98
86 	 94
86 	 95
86 	 97
86 	 98
86 	 100
87 	 90
87 	 91
87 	 93
87 	 96
87 	 99
88 	 89
88 	 90
88 	 91
88 	 93
88 	 96
88 	 99
89 	 90
89 	 91
89 	 93
89 	 96
89 	 99
90 	 91
90 	 93
90 	 96
90 	 99
91 	 93
91 	 96
91 	 99
92 	 94
92 	 95
92 	 97
92 	 98
92 	 100
93 	 96
93 	 99
94 	 95
94 	 97
94 	 98
94 	 100
95 	 97
95 	 98
95 	 100
96 	 99
97 	 98
97 	 100
98 	 100
